{
  "headers": ["Category", "Year 1", "Year 2", "Year 3", "Year 4", "Total"],
  "sections": {
    "revenue": {
      "title": "Revenue",
      "rows": [
        ["Greenlight Fund", "200000", "150000", "125000", "125000", "600000"],
        ["Corporate Grants", "0", "50000", "50000", "50000", "150000"],
        ["Foundation Grants", "880000", "366667", "366667", "116667", "1730001"],
        ["Government Grants", "25000", "10000", "50000", "100000", "185000"],
        ["Earned Income (fee-for-service)", "72711", "90889", "113611", "142014", "419225"],
        ["Total Revenue", "1177711", "667556", "705278", "533681", "3084226"]
      ]
    },
    "personnel": {
      "title": "Expenses-Personnel (% Time Allocation)",
      "rows": [
        ["Admin (PT-Year 1)", "23000", "40250", "41055", "41876.10", "146181"],
        ["Ambassador (PT)", "15000", "15000", "15000", "15000", "60000"],
        ["Ambassador (Year 2)", "0", "15000", "15000", "15000", "45000"],
        ["Coach (PT-Year 1)", "18750", "48000", "49939.20", "50937.98", "167627"],
        ["Coaching Manager (Year 2)", "0", "50000", "51000", "52020", "153020"],
        ["Clinical Manager (PT-Year 1)", "48750", "66300", "67626", "68978.52", "251655"],
        ["Fellow 1", "15000", "15300", "15606", "15918.12", "61824"],
        ["Fellow 2", "15000", "15300", "15606", "15918.12", "61824"],
        ["Fellow 3", "0", "15300", "15606", "15918.12", "46824"],
        ["Clinical Director of Therapeutics (.25 FTE)", "23375", "23375", "23375", "23375", "93500"],
        ["CEO/President (.25 FTE)", "75000", "75000", "75000", "75000", "300000"],
        ["Chief Operating Officer (.25 FTE)", "25000", "25000", "25000", "25000", "100000"],
        ["Director of Finance (.25 FTE)", "28750", "28750", "28750", "28750", "115000"],
        ["Senior Program Manager (.25 FTE)", "25000", "25000", "25000", "25000", "100000"],
        ["Personnel Benefits", "40641", "59484.75", "60263.22", "60929.96", "221319"],
        ["Total", "353266", "517059.75", "523826.42", "529621.92", "1923774"]
      ]
    },
    "operations": {
      "title": "Local Operations",
      "rows": [
        ["Travel & Meetings", "20000", "15000", "15000", "10000", "60000"],
        ["Computer/Hardware/Equipment", "9800", "2400", "2400", "2400", "17000"],
        ["Rent", "30000", "36000", "36720", "37454", "140174"],
        ["Office Supplies", "10000", "8000", "8000", "8000", "34000"],
        ["Software", "6000", "6000", "6000", "6000", "24000"],
        ["Total", "75800", "67400", "68120", "63854", "275174"]
      ]
    },
    "fidelity": {
      "title": "Fidelity & Growth",
      "rows": [
        ["Senior Development Associate (.25 FTE)", "18750", "18750", "18750", "18750", "75000"],
        ["Development Director (.25 FTE)", "34000", "34000", "34000", "34000", "136000"],
        ["Ex. Consulting/PR", "32000", "5000", "5000", "5000", "47000"],
        ["Total", "84750", "57750", "57750", "57750", "258000"]
      ]
    },
    "summary": {
      "title": "Summary",
      "rows": [
        ["Total Expenses", "513816", "642210", "649696", "651226", "2456949"],
        ["Net Revenue (Expenses)", "663895", "25346", "55582", "-117545", "627277"],
        ["HQ Allocated Salaries", "229875", "229875", "229875", "229875", "919500"],
        ["HQ Allocated Benefits", "29883.75", "29883.75", "29883.75", "29883.75", "119535"],
        ["Total HQ Allocation", "259759", "259758.75", "259758.75", "259758.75", "1039035"],
        ["Net Revenue", "523654", "285105", "265340", "-7787", "1456312"]
      ]
    },
    "beneficiaries": {
      "title": "Total Beneficiaries",
      "rows": [
        ["Beneficiaries", "100", "225", "381", "521", "1227"]
      ]
    }
  }
} 